201 164 247 1533 1391 921 415 405 308 839
971 476 934 1400 951 1230 1459 1794 985 1491
1852 1085 1980 265 168 1217 420 62 1461 784
950 487 169 589 352 1312 1655 1592 819 849
124 296 1745 680 937 435 1761 1321 220 253
368 1983 903 1754 273 525 1202 642 821 1718
1547 1456 1766 101 204 1206 989 1338 1445 769
1363 1410 1688 1765 1205 1810 900 581 752 1839
121 1713 1820 1228 1115 412 262 641 353 280
933 709 1820 1121 1453 568 741 1795 1058 208
1695 1560 980 1086 460 1010 1657 379 60 1233
105 52 1791 1250 179 1727 1484 165 28 1961
810 649 1463 222 955 758 816 356 825 870
1043 1205 824 1792 682 103 620 1107 931 617
1443 908 975 540 34 1844 919 1788 1870 873
1802 1497 529 1368 449 1286 861 819 1251 1757
1404 1364 1108 1517 1605 78 72 1394 955 1260
982 1184 1839 714 887 971 118 1212 126 1557
630 494 1601 1029 378 888 1990 592 900 574
953 1047 546 354 969 589 1017 1014 995 499
